4096
1
2
4098
4100
4101
4102
4103
4105
4106
4107
4108
4109
4111
16
4112
4113
4114
4115
20
4116
4117
4118
4119
4120
4121
4122
4123
4124
4125
30
4126
4127
4129
4130
4131
36
4133
4134
4136
4137
4138
4139
4140
46
4143
4144
4145
50
4146
51
4147
4149
54
4150
56
4152
4153
58
59
4155
60
61
4157
4159
64
4160
66
4162
4163
4164
4165
71
4167
4168
73
4169
4170
4171
4172
4173
4175
4176
81
4177
82
4178
4179
84
85
4181
87
4183
4184
89
4185
4186
4187
4188
93
4189
4190
4191
4193
100
4196
4197
4199
4200
4201
107
4203
108
4204
4205
4206
113
4209
114
4210
115
4213
4214
4215
4216
4217
4218
4219
124
4220
125
4221
4223
128
4224
4225
131
4227
4228
133
4229
4230
135
4231
4232
137
4233
4234
139
4235
140
4236
4237
142
4238
143
4239
4240
145
4241
146
4242
4243
4244
4245
150
4246
4247
4248
4249
154
4250
4251
4252
4253
4254
4255
4256
4257
162
4258
4259
164
4260
4261
166
4262
4263
4264
4268
4269
175
4271
4274
179
4277
4278
4279
4280
4281
4282
187
4283
4284
189
4285
4286
4287
192
4288
4289
194
4290
196
4292
4293
198
4295
4296
201
4297
202
4298
4299
204
205
206
4302
207
4303
4304
209
4305
210
4306
211
4308
213
214
215
4311
4312
4313
218
4314
4315
4316
4317
4318
223
4319
4320
4321
4322
4323
4324
4325
231
232
4328
4329
234
4330
4332
4333
4334
4335
4336
4337
4338
243
4339
4340
245
4342
4343
4344
249
251
4347
253
4349
4351
4353
4354
259
4355
4356
261
4357
4359
4360
4361
4362
267
4363
4364
4365
4366
4367
4368
4369
274
276
4372
4373
279
4375
280
4376
4377
4378
4379
284
4380
285
4381
286
4382
4383
288
4384
4385
4386
4388
4390
4391
296
4392
4394
4395
300
4398
4399
304
4400
305
4401
4402
307
4403
308
4405
4406
311
4407
4408
313
314
4410
4411
316
4412
4413
4414
319
4415
320
4416
4417
4418
323
4419
4420
4421
4423
4424
4425
330
331
4429
4430
4431
336
4432
337
4433
4434
339
4435
4436
4437
342
4438
4439
4440
4441
346
4442
347
4443
4444
349
4445
350
4446
4447
4448
4449
4450
4452
4453
358
4454
4455
360
4456
4457
4458
363
364
4460
366
4462
4463
4464
4465
4466
4467
4468
4469
4470
375
4471
376
4472
377
4473
378
4474
4475
4476
381
4477
4478
4479
4480
385
4481
4483
4484
4485
4486
4487
4488
393
4489
4490
4491
4492
4493
398
4494
4495
4496
401
4497
4498
403
4499
404
4500
405
4501
406
4502
4503
408
4504
4505
410
4506
4507
412
4508
415
417
418
420
421
427
428
429
432
435
440
442
444
446
453
454
459
460
461
463
467
471
473
474
475
482
485
487
495
497
499
502
503
504
505
506
507
508
509
514
516
520
522
526
529
530
534
535
536
538
541
543
545
553
557
559
560
563
565
566
569
573
574
575
577
578
580
593
595
596
599
602
606
608
609
612
613
614
618
620
622
624
628
630
632
636
641
643
646
660
661
663
668
669
672
674
679
682
684
685
687
692
696
703
704
706
710
714
718
719
724
725
728
729
732
733
745
748
753
754
755
756
759
760
761
765
769
772
776
778
781
784
785
786
787
792
794
804
805
809
811
812
814
815
816
822
823
824
831
838
840
842
843
845
846
847
856
860
863
867
873
877
881
885
886
889
892
893
894
895
896
905
908
910
913
915
916
917
921
923
936
937
938
940
942
944
945
947
952
955
957
958
961
962
964
966
967
969
970
971
973
977
982
983
984
985
991
995
997
998
1003
1005
1007
1009
1010
1014
1016
1024
1025
1026
1029
1032
1037
1039
1040
1045
1046
1048
1050
1051
1059
1061
1062
1065
1067
1069
1070
1072
1078
1082
1083
1084
1085
1087
1090
1092
1093
1098
1100
1102
1105
1106
1110
1115
1119
1121
1122
1129
1133
1136
1137
1139
1140
1143
1144
1145
1153
1154
1155
1156
1158
1166
1167
1169
1175
1177
1185
1186
1188
1192
1193
1194
1197
1199
1201
1202
1207
1208
1210
1212
1216
1224
1225
1227
1228
1229
1231
1233
1234
1236
1238
1242
1244
1247
1249
1250
1252
1256
1261
1263
1267
1268
1273
1276
1278
1281
1282
1283
1285
1290
1295
1296
1304
1305
1309
1311
1313
1314
1317
1318
1322
1326
1329
1333
1340
1343
1344
1346
1347
1356
1359
1362
1365
1370
1371
1373
1381
1383
1390
1392
1394
1397
1401
1404
1406
1410
1412
1418
1419
1422
1423
1428
1431
1432
1433
1434
1437
1439
1442
1443
1445
1450
1453
1456
1458
1460
1464
1466
1468
1474
1475
1478
1479
1482
1490
1492
1497
1502
1505
1507
1511
1512
1513
1519
1525
1526
1528
1530
1531
1532
1541
1544
1545
1547
1550
1553
1557
1564
1565
1568
1574
1576
1586
1590
1591
1592
1594
1602
1604
1609
1617
1618
1620
1621
1625
1626
1627
1633
1637
1644
1649
1650
1653
1656
1660
1661
1662
1664
1670
1672
1673
1674
1677
1681
1685
1687
1696
1701
1705
1706
1707
1712
1714
1716
1717
1719
1727
1732
1734
1741
1744
1749
1755
1756
1760
1764
1765
1767
1770
1777
1778
1780
1783
1784
1785
1795
1796
1805
1808
1809
1813
1814
1818
1819
1821
1824
1827
1834
1835
1841
1843
1846
1849
1854
1858
1859
1862
1863
1864
1866
1868
1872
1879
1883
1884
1889
1892
1900
1901
1902
1906
1907
1908
1913
1916
1917
1919
1921
1923
1925
1934
1935
1937
1940
1943
1949
1950
1961
1962
1967
1970
1971
1972
1975
1976
1985
1988
1989
1995
1996
1997
1999
2005
2006
2011
2012
2017
2019
2020
2022
2023
2025
2026
2028
2034
2035
2039
2041
2047
2050
2053
2057
2060
2061
2063
2065
2070
2073
2076
2077
2080
2081
2084
2087
2093
2094
2095
2099
2100
2101
2102
2105
2108
2109
2111
2113
2116
2117
2118
2121
2127
2130
2131
2134
2135
2136
2139
2143
2144
2146
2149
2150
2152
2158
2161
2162
2170
2175
2176
2177
2185
2188
2189
2191
2193
2194
2195
2196
2197
2201
2204
2205
2206
2207
2208
2211
2215
2216
2217
2222
2227
2229
2238
2240
2242
2243
2245
2249
2250
2251
2254
2260
2265
2268
2269
2271
2280
2285
2287
2289
2290
2291
2293
2294
2296
2297
2298
2299
2300
2301
2302
2303
2304
2308
2309
2310
2311
2312
2314
2319
2320
2321
2322
2323
2329
2331
2335
2336
2339
2341
2343
2348
2354
2364
2365
2366
2367
2368
2372
2373
2374
2387
2388
2393
2395
2402
2403
2408
2410
2415
2417
2418
2420
2423
2425
2427
2428
2431
2434
2438
2440
2441
2444
2445
2447
2451
2454
2455
2457
2458
2462
2467
2471
2472
2473
2474
2476
2478
2483
2484
2486
2487
2488
2489
2491
2494
2501
2512
2513
2514
2516
2517
2518
2520
2521
2522
2523
2525
2526
2534
2535
2537
2538
2541
2544
2545
2546
2551
2552
2555
2559
2560
2565
2568
2570
2573
2576
2578
2580
2581
2583
2586
2591
2596
2598
2601
2602
2607
2610
2613
2615
2619
2621
2622
2623
2624
2628
2629
2635
2637
2638
2639
2640
2641
2644
2645
2650
2651
2653
2658
2659
2660
2663
2664
2678
2679
2682
2683
2684
2687
2688
2693
2695
2696
2697
2699
2700
2701
2702
2703
2705
2707
2711
2712
2713
2716
2720
2724
2725
2728
2730
2732
2733
2736
2738
2740
2743
2746
2748
2755
2757
2759
2760
2762
2764
2767
2770
2771
2774
2778
2779
2780
2783
2789
2792
2793
2795
2797
2798
2800
2805
2807
2810
2813
2815
2816
2819
2820
2821
2823
2825
2827
2835
2838
2841
2842
2844
2846
2848
2850
2851
2852
2854
2857
2858
2859
2862
2865
2866
2870
2871
2882
2883
2885
2886
2887
2888
2891
2893
2897
2899
2905
2906
2908
2911
2912
2913
2914
2915
2917
2919
2920
2921
2922
2923
2925
2928
2930
2931
2935
2936
2940
2942
2943
2945
2947
2948
2949
2954
2957
2958
2959
2964
2965
2967
2968
2969
2970
2976
2978
2979
2981
2985
2986
2987
2989
2990
2991
2992
2993
2994
2996
2998
2999
3000
3003
3006
3007
3008
3009
3011
3012
3015
3018
3019
3020
3024
3028
3029
3030
3031
3032
3033
3035
3036
3037
3040
3041
3045
3049
3050
3052
3053
3055
3058
3059
3061
3063
3065
3066
3067
3070
3073
3075
3077
3078
3079
3081
3082
3083
3088
3089
3091
3092
3093
3096
3099
3100
3103
3104
3106
3109
3114
3115
3117
3119
3120
3122
3123
3124
3128
3129
3131
3132
3133
3134
3137
3138
3139
3141
3142
3143
3144
3146
3147
3148
3149
3150
3152
3153
3154
3156
3157
3161
3165
3166
3167
3168
3169
3170
3171
3174
3175
3181
3182
3184
3186
3187
3188
3189
3192
3194
3195
3196
3197
3198
3199
3200
3201
3202
3203
3204
3206
3207
3210
3214
3218
3220
3221
3222
3224
3226
3228
3229
3231
3233
3236
3237
3238
3245
3246
3247
3248
3249
3250
3251
3253
3256
3258
3260
3261
3265
3267
3270
3273
3274
3275
3276
3278
3279
3280
3282
3285
3286
3288
3291
3292
3295
3300
3301
3302
3303
3304
3305
3307
3308
3310
3311
3312
3313
3314
3315
3319
3326
3327
3328
3329
3334
3335
3336
3337
3339
3341
3343
3344
3345
3346
3347
3348
3349
3350
3351
3352
3353
3354
3356
3360
3361
3363
3364
3366
3367
3368
3369
3373
3374
3375
3379
3381
3384
3385
3387
3395
3397
3398
3399
3401
3402
3403
3404
3408
3410
3413
3414
3417
3419
3423
3424
3425
3426
3428
3437
3438
3440
3441
3442
3444
3445
3447
3448
3449
3450
3451
3452
3453
3455
3456
3457
3460
3461
3466
3470
3472
3474
3475
3477
3478
3480
3481
3482
3483
3485
3486
3487
3491
3494
3495
3496
3497
3498
3499
3500
3503
3504
3505
3506
3508
3509
3510
3511
3512
3513
3514
3515
3517
3519
3520
3522
3524
3525
3526
3527
3528
3530
3531
3532
3533
3534
3537
3539
3540
3541
3543
3545
3547
3548
3549
3551
3555
3556
3558
3560
3562
3563
3564
3566
3567
3568
3570
3572
3573
3574
3575
3576
3578
3579
3582
3584
3585
3586
3590
3591
3593
3594
3596
3597
3598
3599
3600
3601
3602
3603
3604
3605
3606
3608
3609
3610
3612
3613
3614
3615
3619
3620
3621
3622
3623
3624
3625
3626
3628
3629
3632
3633
3635
3636
3639
3640
3641
3642
3643
3645
3646
3647
3648
3649
3650
3652
3654
3656
3657
3659
3660
3661
3662
3664
3665
3666
3667
3670
3671
3672
3673
3674
3675
3678
3679
3680
3681
3682
3683
3685
3687
3689
3690
3693
3695
3696
3697
3698
3699
3700
3702
3703
3705
3706
3709
3710
3711
3712
3716
3717
3719
3720
3721
3722
3723
3725
3726
3727
3728
3729
3731
3732
3733
3734
3736
3738
3740
3742
3743
3745
3746
3747
3748
3749
3751
3752
3753
3754
3755
3756
3757
3758
3759
3760
3761
3762
3763
3764
3766
3767
3768
3769
3770
3771
3772
3773
3774
3776
3777
3778
3779
3782
3783
3790
3791
3792
3794
3796
3797
3798
3801
3803
3804
3805
3806
3807
3809
3810
3811
3812
3813
3814
3815
3816
3817
3818
3819
3820
3821
3822
3823
3824
3827
3829
3830
3831
3832
3833
3834
3836
3837
3838
3839
3841
3845
3847
3848
3853
3854
3855
3856
3858
3860
3861
3862
3865
3866
3868
3869
3870
3871
3872
3873
3874
3875
3876
3878
3880
3881
3884
3886
3887
3888
3890
3891
3892
3893
3895
3897
3900
3902
3903
3905
3906
3907
3908
3909
3910
3912
3914
3915
3916
3917
3920
3921
3922
3923
3924
3926
3928
3929
3930
3931
3932
3933
3934
3935
3936
3937
3938
3939
3940
3941
3942
3943
3944
3945
3948
3949
3951
3952
3954
3956
3957
3958
3959
3960
3961
3963
3964
3965
3968
3969
3970
3972
3973
3974
3977
3980
3981
3982
3983
3984
3986
3989
3990
3991
3994
3996
3997
3998
3999
4000
4001
4003
4007
4009
4012
4013
4014
4015
4017
4020
4021
4024
4026
4027
4030
4031
4032
4033
4034
4035
4036
4037
4038
4040
4041
4042
4043
4044
4046
4048
4049
4050
4052
4053
4054
4055
4056
4057
4058
4059
4060
4061
4062
4065
4066
4069
4070
4071
4072
4073
4075
4076
4077
4079
4080
4082
4084
4085
4086
4088
4089
4090
4091
4092
4093
4094
4095
